  36.733   56.460  -68.987
  36.751   57.223  -59.739
  37.285   57.193  -49.220
  37.293   57.732  -40.762
  37.250   57.026  -32.446
  37.637   57.420  -24.761
  37.977   57.348  -18.107
  38.213   57.716  -12.197
  38.710   57.932   -6.186
  39.479   57.986   -1.143
  39.343   57.970    3.478
  39.660   57.984    7.788
  39.903   58.010   11.791
  40.306   58.274   14.948
  41.075   58.709   17.954
  42.270   59.062   21.443
  44.375   59.515   23.231
  46.905   60.305   23.896
  49.098   61.292   24.288
  51.272   61.786   24.679
  53.680   62.655   25.322
  55.860   63.176   25.646
  58.307   62.820   26.343
  60.570   63.568   27.337
  63.026   64.699   28.745
  65.083   65.472   30.250
  65.813   65.704   32.250
  66.269   65.355   34.250
  66.632   64.810   36.250
  66.005   63.360   38.250
  65.148   64.061   40.250
  64.549   64.909   42.250
  64.185   65.041   44.250
  64.123   65.356   46.250
  64.671   64.499   48.250
  64.777   64.706   50.250
  64.739   64.472   52.250
  64.862   64.861   54.250
  65.490   65.745   56.250
  66.408   65.639   58.250
  66.240   65.352   60.250
  65.628   65.310   62.250
  65.300   63.871   64.250
  65.196   63.568   66.250
  65.197   63.416   67.250
  64.980   65.471   69.250
  64.974   65.400   71.250
  65.444   65.622   73.250
  65.605   63.268   75.250
  65.793   63.141   77.250
  65.859   63.333   79.250
  65.921   63.537   81.250
  65.984   63.736   83.250
  66.074   63.950   85.250
  66.613   64.653   87.250
  66.310   65.861   89.050
  65.449   65.770   91.050
  64.483   65.223   93.050
  64.428   65.267   95.050
  64.340   64.866   97.050
  64.305   64.705   99.050
  64.423   64.132  101.050
  65.118   64.544  103.050
  64.871   65.073  105.050
  64.475   65.426  107.050
  64.802   65.482  109.050
  65.085   65.574  111.050
  65.276   65.946  113.050
  65.247   65.977  115.050
  64.978   66.001  117.050
  64.653   66.095  119.050
  64.688   65.907  121.050
  64.823   67.734  123.050
  65.098   64.996  125.050
  64.981   65.156  127.050
  64.760   65.214  129.050
  64.207   65.653  131.050
  63.676   65.698  133.050
  63.545   65.444  135.050
  63.353   64.910  137.050
  62.722   64.672  139.050
  62.281   64.565  141.050
  62.478   64.826  143.050
  62.806   65.123  145.050
  63.386   65.057  147.050
  63.954   64.991  149.050
  64.535   64.925  151.050
  65.111   64.857  153.050
  65.685   64.795  155.050
  66.058   64.754  157.050
  65.899   64.782  159.050
  65.730   64.808  161.050
  65.569   64.834  163.050
  65.726   64.667  167.270
  65.856   64.683  173.119
  65.661   64.809  180.509
  65.654   64.445  189.144
  65.840   64.419  196.841
  66.207   64.765  203.602
